data:
  csv_path: data\interim\combined_DB22_measurements_sorted_clean.csv
eval_cv:
  n_splits: 10
  random_state: 42
model:
  name: xgb
  params:
    n_estimators: 800
    max_depth: 5
    learning_rate: 0.037297375925036735
    min_child_weight: 1
    subsample: 0.6
    colsample_bytree: 0.7
    gamma: 0.0021987019455784263
    reg_lambda: 0.19860128618943984
    reg_alpha: 0.1455646077984361
